Victor: 9.00:10.00: 8.00: 9.00: A maior nota foi: 10.000000
Felipe: 9.00: 5.00:10.00: 8.00: A maior nota foi: 10.000000
Yan:10.00:10.00: 9.00: 9.67: A maior nota foi: 10.000000
Victor: 6.00: 7.00: 8.00: 7.00
Victor: 9.00: 8.00: 6.00: 9.50: 8.13
